






























000000000000000000000000000000000000000000000000000000000000000000000000000000000000000000000000000000000000000000000000000000000000000000000000000000000000000000000000000000000000000000000000












000000000000000000000000000000000000000000000000000000001111111111111111000000000000000000000000000000000000000000000000000000000000000000000000000000000000000000000000000000000000000000000000


111111111111111111000011110000111100001111000011110000111100001111000011110000111100001111000011110000111100001111111111111111110000000000000000000000000000000000000000000000000000000000000000
000000110000001100000011000000110000001100000011000000110000001100000011000000110000001100000011000000110000001100000011000000110000000000000000000000000000000000000000000000000000000000000000
111111111111111100000011000000110000001100000011000000111111111111111111110000001100000011000000110000001100000011111111111111110000000000000000000000000000000000000000000000000000000000000000
111111111111111100000011000000110000001100000011000000111111111111111111000000110000001100000011000000110000001111111111111111110000000000000000000000000000000000000000000000000000000000000000
110000111100001111000011110000111100001111000011110000111111111111111111000000110000001100000011000000110000001100000011000000110000000000000000000000000000000000000000000000000000000000000000
111111111111111111000000110000001100000011000000110000001111111111111111000000110000001100000011000000110000001111111111111111110000000000000000000000000000000000000000000000000000000000000000
111111111111111111000000110000001100000011000000110000001111111111111111110000111100001111000011110000111100001111111111111111110000000000000000000000000000000000000000000000000000000000000000
111111111111111111000011110000110000001100000011000000110000001100000011000000110000001100000011000000110000001100000011000000110000000000000000000000000000000000000000000000000000000000000000
111111111111111111000011110000111100001111000011110000111111111111111111110000111100001111000011110000111100001111111111111111110000000000000000000000000000000000000000000000000000000000000000
111111111111111111000011110000111100001111000011110000111111111111111111000000110000001100000011000000110000001111111111111111110000000000000000000000000000000000000000000000000000000000000000
000000000000000000000000000110000001100000000000000000000000000000000000000000000000000000011000000110000000000000000000000000000000000000000000000000000000000000000000000000000000000000000000






011111101111111111000011110000111100001111000011110000111111111111111111110000111100001111000011110000111100001111000011110000110000000000000000000000000000000000000000000000000000000000000000
111111101111111111000011110000111100001111000011110000111111111011111110110000111100001111000011110000111100001111111111111111100000000000000000000000000000000000000000000000000000000000000000
011111101111111111000011110000111100000011000000110000001100000011000000110000001100000011000000110000111100001111111111011111100000000000000000000000000000000000000000000000000000000000000000
111111101111111111000011110000111100001111000011110000111100001111000011110000111100001111000011110000111100001111111111111111100000000000000000000000000000000000000000000000000000000000000000
111111111111111111000000110000001100000011000000110000001111110011111100110000001100000011000000110000001100000011111111111111110000000000000000000000000000000000000000000000000000000000000000
111111111111111111000000110000001100000011000000110000001111110011111100110000001100000011000000110000001100000011000000110000000000000000000000000000000000000000000000000000000000000000000000
011111101111111111000011110000111100001111000000110000001100111111001111110000111100001111000011110000111100001111111111011111100000000000000000000000000000000000000000000000000000000000000000
110000111100001111000011110000111100001111000011110000111111111111111111110000111100001111000011110000111100001111000011110000110000000000000000000000000000000000000000000000000000000000000000
000110000001100000011000000110000001100000011000000110000001100000011000000110000001100000011000000110000001100000011000000110000000000000000000000000000000000000000000000000000000000000000000
000000110000001100000011000000110000001100000011000000110000001100000011000000110000001100000011110000111100001111111111011111100000000000000000000000000000000000000000000000000000000000000000
110000111100001111000011110000111100001111000110110001101111110011111100110001101100011011000011110000111100001111000011110000110000000000000000000000000000000000000000000000000000000000000000
110000001100000011000000110000001100000011000000110000001100000011000000110000001100000011000000110000001100000011111111111111110000000000000000000000000000000000000000000000000000000000000000
110000111110011111111111110110111100001111000011110000111100001111000011110000111100001111000011110000111100001111000011110000110000000000000000000000000000000000000000000000000000000000000000
110000111110001111110011110110111100111111000111110000111100001111000011110000111100001111000011110000111100001111000011110000110000000000000000000000000000000000000000000000000000000000000000
011111101111111111000011110000111100001111000011110000111100001111000011110000111100001111000011110000111100001111111111011111100000000000000000000000000000000000000000000000000000000000000000
111111101111111111000011110000111100001111000011110000111111111111111110110000001100000011000000110000001100000011000000110000000000000000000000000000000000000000000000000000000000000000000000
011111101111111111000011110000111100001111000011110000111100001111000011110000111100001111010011110110111100111111111111011111100000000000000000000000000000000000000000000000000000000000000000
111111101111111111000011110000111100001111000011110000111111111011111110110000111100001111000011110000111100001111000011110000110000000000000000000000000000000000000000000000000000000000000000
011111111111111111000000110000001100000011000000110000001111111001111111000000110000001100000011000000110000001111111111111111100000000000000000000000000000000000000000000000000000000000000000
111111111111111100011000000110000001100000011000000110000001100000011000000110000001100000011000000110000001100000011000000110000000000000000000000000000000000000000000000000000000000000000000
110000111100001111000011110000111100001111000011110000111100001111000011110000111100001111000011110000111100001111111111011111100000000000000000000000000000000000000000000000000000000000000000
110000111100001111000011110000111100001111000011110000111100001111000011110000111100001111000011111001110111111000111100000110000000000000000000000000000000000000000000000000000000000000000000
110000111100001111000011110000111100001111000011110000111100001111000011110000111100001111000011110110111111111111100111010000100000000000000000000000000000000000000000000000000000000000000000
110000111100001111000011110000111100001101100110011001100011110000111100011001100110011011000011110000111100001111000011110000110000000000000000000000000000000000000000000000000000000000000000
110000111100001111000011110000111100001111100111011111100011110000011000000110000001100000011000000110000001100000011000000110000000000000000000000000000000000000000000000000000000000000000000
111111111111111100000011000000110000001100000111000011100001110000111000011100001110000011000000110000001100000011111111111111110000000000000000000000000000000000000000000000000000000000000000






000000000000000000000000000000000000000000000000000000000000000001111011111111111100011111000011110000111100011111111111011110110000000000000000000000000000000000000000000000000000000000000000
000000000000000011000000110000001100000011000000110000001100000011011110111111111110001111000011110000111110001111111111110111100000000000000000000000000000000000000000000000000000000000000000
000000000000000000000000000000000000000000000000000000000000000001111110111111111100001111000000110000001100001111111111011111100000000000000000000000000000000000000000000000000000000000000000
000000000000000000000011000000110000001100000011000000110000001101111011111111111100011111000011110000111100011111111111011110110000000000000000000000000000000000000000000000000000000000000000
000000000000000000000000000000000000000000000000000000000000000001111110111111111100001111111111111111111100000011111110011111100000000000000000000000000000000000000000000000000000000000000000
000000000000000000011111001111110011000000110000111111111111111100110000001100000011000000110000001100000011000000110000001100000000000000000000000000000000000000000000000000000000000000000000
000000000000000000000000000000000000000000000000000000000000000001111011111111111100011111000011110000111100011111111111011110110000001100000011000000110000001100111111001111100000000000000000
000000000000000011000000110000001100000011000000110000001100000011111110111111111100001111000011110000111100001111000011110000110000000000000000000000000000000000000000000000000000000000000000
000000000000000000000000000000000001100000011000000000000000000000011000000110000001100000011000000110000001100000011000000110000000000000000000000000000000000000000000000000000000000000000000
000000000000000000000000000000000000110000001100000000000000000000001100000011000000110000001100000011000000110000001100000011000000110000001100000011000000110000111100001110000000000000000000
000000000000000011000000110000001100000011000000110000001100000011000011110001111100011011111100111111001100011011000111110000110000000000000000000000000000000000000000000000000000000000000000
000000000000000000011000000110000001100000011000000110000001100000011000000110000001100000011000000110000001100000011000000110000000000000000000000000000000000000000000000000000000000000000000
000000000000000000000000000000000000000000000000000000000000000011011110111111111111111111011011110110111101101111011011110110110000000000000000000000000000000000000000000000000000000000000000
000000000000000000000000000000000000000000000000000000000000000011011110111111111110001111000011110000111100001111000011110000110000000000000000000000000000000000000000000000000000000000000000
000000000000000000000000000000000000000000000000000000000000000001111110111111111100001111000011110000111100001111111111011111100000000000000000000000000000000000000000000000000000000000000000
000000000000000000000000000000000000000000000000000000000000000011011110111111111110001111000011110000111100001111111111111111101100000011000000110000001100000011000000110000000000000000000000
000000000000000000000000000000000000000000000000000000000000000001111011111111111100011111000011110000111100001111111111011111110000001100000011000000110000001100000011000000110000000000000000
000000000000000000000000000000000000000000000000000000000000000011011111111111111110000011000000110000001100000011000000110000000000000000000000000000000000000000000000000000000000000000000000
000000000000000000000000000000000000000000000000000000000000000001111111111111111100000011111110011111110000001111111111111111100000000000000000000000000000000000000000000000000000000000000000
000000000000000000110000001100000011000000110000111111111111111100110000001100000011000000110000001100000011000000111111000111110000000000000000000000000000000000000000000000000000000000000000
000000000000000000000000000000000000000000000000000000000000000011000011110000111100001111000011110000111100011111111111011110110000000000000000000000000000000000000000000000000000000000000000
000000000000000000000000000000000000000000000000000000000000000011000011110000111100001111000011111001110111111000111100000110000000000000000000000000000000000000000000000000000000000000000000
000000000000000000000000000000000000000000000000000000000000000011011011110110111101101111011011110110111111111111111111011001100000000000000000000000000000000000000000000000000000000000000000
000000000000000000000000000000000000000000000000000000000000000011000011111001110111111000111100001111000111111011100111110000110000000000000000000000000000000000000000000000000000000000000000
000000000000000000000000000000000000000000000000000000000000000011000011110000111100001111000011110000111100001111111111011111110000001100000011000000110000001100111111001111100000000000000000
000000000000000000000000000000000000000000000000000000000000000011111111111111110000011100111110011111001110000011111111111111110000000000000000000000000000000000000000000000000000000000000000
8
24
0111111111111110101111111111110111000000000000111100000000000011110000000000001111000000000000111100000000000011110000000000001111000000000000111100000000000011110000000000001111000000000000111100000000000011110000000000001110111111111111010111111111111110
0000000000000000000000000000000000000000000000000000000000000000000000000000000000000000000000000000000000000000000000000000000000000000000000000000000000000000000000000000000000000000000000000000000000000000000000000000000000000000000000000000000000000000